Input_file	Dataset	Complete	Single	Duplicated	Fragmented	Missing	n_markers
Abeoforma_whisleri.fasta	eukaryota_odb10	83.1	74.9	8.2	11.0	5.9	255				
Acanthamoeba_castellanii.fasta	eukaryota_odb10	76.1	74.1	2.0	7.1	16.8	255				
Acanthaster_planci.fasta	eukaryota_odb10	99.6	82.0	17.6	0.4	0.0	255				
Allomyces_macrogynus.fasta	eukaryota_odb10	92.5	23.9	68.6	3.1	4.4	255				
Amoebidium_parasiticum.fasta	eukaryota_odb10	88.7	81.6	7.1	7.8	3.5	255				
Amphimedon_queenslandica.fasta	eukaryota_odb10	95.3	78.0	17.3	2.7	2.0	255				
Apis_mellifera.fasta	eukaryota_odb10	99.2	72.9	26.3	0.4	0.4	255				
Aspergillus_nidulans.fasta	eukaryota_odb10	87.5	86.3	1.2	7.8	4.7	255				
Aurelia_sp_Birch-Aquarium-sp1.fasta	eukaryota_odb10	65.9	58.4	7.5	11.0	23.1	255				
Batrachochytrium_dendrobatidis.fasta	eukaryota_odb10	91.8	89.8	2.0	5.5	2.7	255				
Branchiostoma_belcheri.fasta	eukaryota_odb10	100.0	88.6	11.4	0.0	0.0	255				
Branchiostoma_floridae.fasta	eukaryota_odb10	86.3	84.3	2.0	9.8	3.9	255				
Candida_albicans.fasta	eukaryota_odb10	94.9	92.9	2.0	2.4	2.7	255				
Capsaspora_owczarzaki.fasta	eukaryota_odb10	91.8	90.6	1.2	3.9	4.3	255				
Chromosphaera_perkinsii.fasta	eukaryota_odb10	92.2	91.0	1.2	4.3	3.5	255				
Clytia_hemisphaerica.fasta	eukaryota_odb10	84.3	83.1	1.2	4.3	11.4	255				
Coprinopsis_cinerea.fasta	eukaryota_odb10	92.2	91.0	1.2	5.5	2.3	255				
Corallochytrium_limacisporum.fasta	eukaryota_odb10	90.2	89.4	0.8	4.3	5.5	255				
Creolimax_fragrantissima.fasta	eukaryota_odb10	95.7	93.7	2.0	2.0	2.3	255				
Cryptococcus_gattii.fasta	eukaryota_odb10	93.3	92.5	0.8	4.3	2.4	255				
Cryptococcus_neoformans.fasta	eukaryota_odb10	95.7	92.2	3.5	3.1	1.2	255				
Culex_quinquefasciatus.fasta	eukaryota_odb10	90.6	85.9	4.7	3.5	5.9	255				
Danio_rerio.fasta	eukaryota_odb10	99.6	63.9	35.7	0.4	0.0	255				
Dictyostelium_discoideum.fasta	eukaryota_odb10	93.7	89.8	3.9	1.6	4.7	255				
Dracoamoeba_jomungandri.fasta	eukaryota_odb10	65.1	63.9	1.2	11.0	23.9	255				
Drosophila_melanogaster.fasta	eukaryota_odb10	100.0	60.0	40.0	0.0	0.0	255				
Entamoeba_histolytica.fasta	eukaryota_odb10	52.6	46.3	6.3	5.1	42.3	255				
EP00035_Acanthoeca_spectabilis_modified.fasta	eukaryota_odb10	93.3	89.8	3.5	1.6	5.1	255				
EP00036_Acanthoecidae_sp_10tr_modified.fasta	eukaryota_odb10	78.1	71.4	6.7	7.1	14.8	255				
EP00037_Helgoeca_nana_modified.fasta	eukaryota_odb10	93.3	90.6	2.7	1.6	5.1	255				
EP00038_Savillea_parva_modified.fasta	eukaryota_odb10	87.5	85.1	2.4	6.7	5.8	255				
EP00039_Didymoeca_costata_modified.fasta	eukaryota_odb10	94.5	91.8	2.7	2.4	3.1	255				
EP00040_Diaphanoeca_grandis_modified.fasta	eukaryota_odb10	91.4	89.4	2.0	3.9	4.7	255				
EP00041_Stephanoeca_diplocostata_modified.fasta	eukaryota_odb10	89.9	87.5	2.4	3.5	6.6	255				
EP00042_Codosiga_hollandica_modified.fasta	eukaryota_odb10	88.6	76.1	12.5	5.9	5.5	255				
EP00043_Microstomoeca_roanoka_modified.fasta	eukaryota_odb10	93.3	90.6	2.7	2.7	4.0	255				
EP00044_Salpingoeca_rosetta_modified.fasta	eukaryota_odb10	82.8	82.0	0.8	7.5	9.7	255				
EP00045_Choanoeca_perplexa_modified.fasta	eukaryota_odb10	91.7	88.6	3.1	3.5	4.8	255				
EP00046_Monosiga_brevicollis_modified.fasta	eukaryota_odb10	79.2	78.8	0.4	7.1	13.7	255				
EP00047_Mylnosiga_fluctuans_modified.fasta	eukaryota_odb10	93.7	90.6	3.1	3.5	2.8	255				
EP00048_Salpingoeca_helianthica_modified.fasta	eukaryota_odb10	91.4	89.8	1.6	4.3	4.3	255				
EP00049_Salpingoeca_infusionum_modified.fasta	eukaryota_odb10	89.4	85.5	3.9	5.5	5.1	255				
EP00050_Salpingoeca_kvevrii_modified.fasta	eukaryota_odb10	94.9	86.7	8.2	3.1	2.0	255				
EP00051_Salpingoeca_urceolata_modified.fasta	eukaryota_odb10	91.8	85.5	6.3	5.1	3.1	255				
EP00052_Salpingoeca_macrocollata_modified.fasta	eukaryota_odb10	89.0	85.1	3.9	5.9	5.1	255				
EP00053_Salpingoeca_punica_modified.fasta	eukaryota_odb10	88.7	87.5	1.2	7.5	3.8	255				
EP00054_Salpingoeca_dolichothecata_modified.fasta	eukaryota_odb10	90.6	88.6	2.0	5.9	3.5	255				
EP00055_Hartaetosiga_balthica_modified.fasta	eukaryota_odb10	89.4	88.6	0.8	5.5	5.1	255				
EP00056_Hartaetosiga_gracilis_modified.fasta	eukaryota_odb10	87.9	85.5	2.4	6.3	5.8	255				
EP00729_Bicosta_minor_modified.fasta	eukaryota_odb10	60.4	59.6	0.8	16.5	23.1	255				
EP00730_Choanoeca_flexa_modified.fasta	eukaryota_odb10	89.8	81.6	8.2	3.9	6.3	255				
EP00911_Craspedida_sp_UC1_modified.fasta	eukaryota_odb10	18.4	18.4	0.0	12.2	69.4	255				
EP00912_Choanoflagellata_sp_UC4_modified.fasta	eukaryota_odb10	5.1	5.1	0.0	2.7	92.2	255				
EP01147_Barroeca_monosierra_modified.fasta	eukaryota_odb10	82.4	81.6	0.8	7.5	10.1	255				
Fonticula_alba.fasta	eukaryota_odb10	71.0	68.6	2.4	11.0	18.0	255				
Gonapodya_prolifera.fasta	eukaryota_odb10	90.6	89.0	1.6	3.9	5.5	255				
Homo_sapiens.fasta	eukaryota_odb10	100.0	38.4	61.6	0.0	0.0	255				
Hydra_vulgaris.fasta	eukaryota_odb10	96.5	90.6	5.9	3.1	0.4	255				
Ichthyophonus_hoferi.fasta	eukaryota_odb10	78.9	77.3	1.6	14.5	6.6	255				
Ixodes_scapularis.fasta	eukaryota_odb10	73.0	71.0	2.0	16.5	10.5	255				
Laccaria_bicolor.fasta	eukaryota_odb10	87.0	83.9	3.1	5.1	7.9	255				
Lottia_gigantea.fasta	eukaryota_odb10	96.5	95.3	1.2	2.4	1.1	255				
Mastigamoeba_balamuthi.fasta	eukaryota_odb10	80.0	77.3	2.7	4.7	15.3	255				
Ministeria_vibrans.fasta	eukaryota_odb10	85.1	83.9	1.2	9.0	5.9	255				
Mnemiopsis_leidyi.fasta	eukaryota_odb10	83.2	81.6	1.6	8.2	8.6	255				
Nematostella_vectensis.fasta	eukaryota_odb10	93.4	91.0	2.4	5.5	1.1	255				
Neurospora_crassa.fasta	eukaryota_odb10	100.0	92.9	7.1	0.0	0.0	255				
Octopus_bimaculoides.fasta	eukaryota_odb10	92.5	73.3	19.2	6.3	1.2	255				
Xenopus_tropicalis.fasta	eukaryota_odb10	97.6	63.9	33.7	0.4	2.0	255				
Oscarella_pearsei.fasta	eukaryota_odb10	94.9	92.5	2.4	2.4	2.7	255				
Parvularia_atlantis.fasta	eukaryota_odb10	96.5	96.1	0.4	3.1	0.4	255				
Physarum_polycephalum.fasta	eukaryota_odb10	80.0	77.3	2.7	6.3	13.7	255				
Pigoraptor_chileana.fasta	eukaryota_odb10	78.0	77.6	0.4	17.6	4.4	255				
Pigoraptor_vietnamica.fasta	eukaryota_odb10	88.3	86.3	2.0	8.6	3.1	255				
Pirum_gemmata.fasta	eukaryota_odb10	2.4	2.4	0.0	13.3	84.3	255				
Pleurobrachia_bachei.fasta	eukaryota_odb10	44.3	44.3	0.0	22.4	33.3	255				
Rattus_norvegicus.fasta	eukaryota_odb10	99.6	51.4	48.2	0.4	0.0	255				
Rozella_allomycis.fasta	eukaryota_odb10	70.2	69.8	0.4	12.5	17.3	255				
Saccharomyces_cerevisiae.fasta	eukaryota_odb10	93.7	92.9	0.8	0.8	5.5	255				
Schizosaccharomyces_pombe.fasta	eukaryota_odb10	97.3	95.3	2.0	0.4	2.3	255				
Sphaeroforma_arctica.fasta	eukaryota_odb10	91.3	88.6	2.7	5.5	3.2	255				
Sphaerothecum_destruens.fasta	eukaryota_odb10	66.2	52.5	13.7	25.9	7.9	255				
Spizellomyces_punctatus.fasta	eukaryota_odb10	94.5	92.5	2.0	3.1	2.4	255				
Stichopus_japonicus.fasta	eukaryota_odb10	80.0	71.8	8.2	16.5	3.5	255				
Strongylocentrotus_purpuratus.fasta	eukaryota_odb10	95.3	67.1	28.2	3.9	0.8	255				
Sycon_ciliatum.fasta	eukaryota_odb10	97.3	90.6	6.7	2.0	0.7	255				
Syssomonas_multiformis.fasta	eukaryota_odb10	58.1	37.3	20.8	14.5	27.4	255				
Takifugu_rubripes.fasta	eukaryota_odb10	99.2	77.6	21.6	0.0	0.8	255				
Thecamonas_trahens.fasta	eukaryota_odb10	81.2	80.8	0.4	7.8	11.0	255				
Trichoplax_adhaerens.fasta	eukaryota_odb10	92.6	91.8	0.8	5.1	2.3	255				
Trichoplax_sp_H2.fasta	eukaryota_odb10	96.1	95.7	0.4	2.7	1.2	255				
Ustilago_maydis_521.fasta	eukaryota_odb10	99.2	98.8	0.4	0.0	0.8	255				
EP00032_Breviata_anathema_modified.fasta	eukaryota_odb10	6.3	6.3	0.0	7.5	86.2	255				
EP00033_Pygsuia_biforma_modified.fasta	eukaryota_odb10	61.6	61.6	0.0	15.7	22.7	255				
EP00034_Subulatomonas_tetraspora_modified.fasta	eukaryota_odb10	0.0	0.0	0.0	3.1	96.9	255				
EP00059_Ciona_intestinalis_modified.fasta	eukaryota_odb10	97.3	85.1	12.2	1.6	1.1	255				
EP00103_Capitella_teleta_modified.fasta	eukaryota_odb10	94.2	91.8	2.4	4.3	1.5	255				
EP00105_Crassostrea_gigas_modified.fasta	eukaryota_odb10	98.0	74.5	23.5	2.0	0.0	255				
EP00151_Rhizophagus_irregularis_modified.fasta	eukaryota_odb10	94.5	92.9	1.6	2.4	3.1	255				
EP00153_Phycomyces_blakesleeanus_modified.fasta	eukaryota_odb10	92.5	89.8	2.7	3.1	4.4	255				
EP00846_Dimargaris_cristalligena_modified.fasta	eukaryota_odb10	87.5	86.7	0.8	4.7	7.8	255				
EP00861_Lobosporangium_transversale_modified.fasta	eukaryota_odb10	97.6	94.5	3.1	1.2	1.2	255				
EP00863_Basidiobolus_meristosporus_modified.fasta	eukaryota_odb10	97.7	81.2	16.5	1.6	0.7	255				
EP00865_Coemansia_reversa_modified.fasta	eukaryota_odb10	93.3	92.9	0.4	3.9	2.8	255				
EP01086_Lenisia_limosa_modified.fasta	eukaryota_odb10	44.3	41.2	3.1	20.4	35.3	255				
